0,0,2,254,0,0,0,0,51,0,0,46,0,0,0,0,6,255,255,254,40,131,30,2,1,2,2,2,194,1,3,182,1,4,16,2,5,135,2,6,50,2,7,14,2,8,93,1,9,223,1,10,11,2,11,76,2,12,74,2,166
0,0,2,254,0,0,0,0,51,0,0,46,0,0,0,0,6,255,255,254,40,131,30,2,1,2,2,2,227,1,3,123,1,4,16,2,5,132,2,6,52,2,7,14,2,8,89,1,9,225,1,10,12,2,11,79,2,12,74,2,191
0,0,2,254,0,0,0,0,51,0,0,46,0,0,0,0,6,255,255,254,40,131,30,2,1,2,2,2,211,1,3,117,1,4,16,2,5,128,2,6,54,2,7,13,2,8,85,1,9,228,1,10,13,2,11,82,2,12,73,2,214
0,0,2,254,0,0,0,0,51,0,0,46,0,0,0,0,6,255,255,254,40,131,30,2,1,2,2,2,182,1,3,127,1,4,16,2,5,124,2,6,56,2,7,13,2,8,81,1,9,231,1,10,13,2,11,86,2,12,72,2,233
0,0,2,254,0,0,0,0,51,0,0,46,0,0,0,0,6,255,255,254,40,131,30,2,1,2,2,2,146,1,3,148,1,4,16,2,5,120,2,6,57,2,7,12,2,8,77,1,9,234,1,10,14,2,11,89,2,12,71,2,250
0,0,2,254,0,0,0,0,51,0,0,46,0,0,0,0,6,255,255,254,40,131,30,2,1,2,2,2,106,1,3,181,1,4,16,2,5,117,2,6,59,2,7,11,2,8,73,1,9,237,1,10,14,2,11,92,2,12,69,2,3
0,0,2,254,0,0,0,0,51,0,0,46,0,0,0,0,6,255,255,254,40,131,30,2,1,2,2,2,46,1,3,3,2,4,16,2,5,113,2,6,61,2,7,11,2,8,69,1,9,240,1,10,15,2,11,96,2,12,68,2,239
0,0,2,254,0,0,0,0,51,0,0,46,0,0,0,0,6,255,255,254,40,131,30,2,1,0,2,2,46,1,3,4,2,4,16,2,5,110,2,6,62,2,7,10,2,8,65,1,9,243,1,10,15,2,11,99,2,12,67,2,242
0,0,2,254,0,0,0,0,51,0,0,46,0,0,0,0,6,255,255,254,40,131,30,2,1,5,2,2,51,1,3,254,1,4,16,2,5,106,2,6,64,2,7,8,2,8,60,1,9,246,1,10,15,2,11,102,2,12,65,2,244
0,0,2,254,0,0,0,0,51,0,0,46,0,0,0,0,6,255,255,254,40,131,30,2,1,7,2,2,56,1,3,250,1,4,15,2,5,102,2,6,65,2,7,7,2,8,56,1,9,250,1,10,16,2,11,106,2,12,64,2,242
0,0,2,254,0,0,0,0,51,0,0,46,0,0,0,0,6,255,255,254,40,131,30,2,1,8,2,2,60,1,3,246,1,4,15,2,5,99,2,6,67,2,7,5,2,8,51,1,9,254,1,10,16,2,11,110,2,12,62,2,243
0,0,2,254,0,0,0,0,51,0,0,46,0,0,0,0,6,255,255,254,40,131,30,2,1,10,2,2,65,1,3,243,1,4,15,2,5,96,2,6,68,2,7,0,2,8,46,1,9,4,2,10,16,2,11,113,2,12,61,2,242
0,0,2,254,0,0,0,0,51,0,0,46,0,0,0,0,6,255,255,254,40,131,30,2,1,11,2,2,69,1,3,240,1,4,14,2,5,92,2,6,69,2,7,2,2,8,46,1,9,3,2,10,16,2,11,117,2,12,59,2,241
0,0,2,254,0,0,0,0,51,0,0,46,0,0,0,0,6,255,255,254,40,131,30,2,1,11,2,2,73,1,3,237,1,4,14,2,5,89,2,6,71,2,7,2,2,8,106,1,9,181,1,10,16,2,11,120,2,12,57,2,3
0,0,2,254,0,0,0,0,51,0,0,46,0,0,0,0,6,255,255,254,40,131,30,2,1,12,2,2,77,1,3,234,1,4,13,2,5,86,2,6,72,2,7,2,2,8,146,1,9,148,1,10,16,2,11,124,2,12,56,2,250
0,0,2,254,0,0,0,0,51,0,0,46,0,0,0,0,6,255,255,254,40,131,30,2,1,13,2,2,81,1,3,231,1,4,13,2,5,82,2,6,73,2,7,2,2,8,182,1,9,127,1,10,16,2,11,128,2,12,54,2,234
0,0,2,254,0,0,0,0,51,0,0,46,0,0,0,0,6,255,255,254,40,131,30,2,1,13,2,2,85,1,3,228,1,4,12,2,5,79,2,6,74,2,7,2,2,8,211,1,9,117,1,10,16,2,11,132,2,12,52,2,215
0,0,2,254,0,0,0,0,51,0,0,46,0,0,0,0,6,255,255,254,40,131,30,2,1,14,2,2,89,1,3,225,1,4,11,2,5,76,2,6,74,2,7,2,2,8,227,1,9,123,1,10,16,2,11,135,2,12,50,2,194
0,0,2,254,0,0,0,0,51,0,0,46,0,0,0,0,6,255,255,254,40,131,30,2,1,14,2,2,93,1,3,223,1,4,11,2,5,73,2,6,75,2,7,2,2,8,194,1,9,182,1,10,16,2,11,139,2,12,47,2,167
0,0,2,254,0,0,0,0,51,0,0,46,0,0,0,0,6,255,255,254,40,131,30,2,1,15,2,2,97,1,3,220,1,4,10,2,5,70,2,6,75,2,7,0,2,8,193,1,9,183,1,10,16,2,11,143,2,12,45,2,169
0,0,2,254,0,0,0,0,51,0,0,46,0,0,0,0,6,255,255,254,40,131,30,2,1,15,2,2,101,1,3,218,1,4,8,2,5,68,2,6,76,2,7,5,2,8,193,1,9,181,1,10,16,2,11,147,2,12,43,2,165
0,0,2,254,0,0,0,0,51,0,0,46,0,0,0,0,6,255,255,254,40,131,30,2,1,15,2,2,105,1,3,215,1,4,7,2,5,65,2,6,76,2,7,7,2,8,191,1,9,180,1,10,15,2,11,151,2,12,41,2,168
0,0,2,254,0,0,0,0,51,0,0,46,0,0,0,0,6,255,255,254,40,131,30,2,1,16,2,2,109,1,3,213,1,4,5,2,5,63,2,6,75,2,7,8,2,8,188,1,9,180,1,10,15,2,11,155,2,12,38,2,171
0,0,2,254,0,0,0,0,51,0,0,46,0,0,0,0,6,255,255,254,40,131,30,2,1,16,2,2,113,1,3,211,1,4,0,2,5,63,2,6,73,2,7,10,2,8,186,1,9,180,1,10,15,2,11,159,2,12,36,2,174
0,0,2,254,0,0,0,0,51,0,0,46,0,0,0,0,6,255,255,254,40,131,30,2,1,16,2,2,117,1,3,208,1,4,2,2,5,62,2,6,74,2,7,11,2,8,183,1,9,181,1,10,14,2,11,163,2,12,33,2,172
0,0,2,254,0,0,0,0,51,0,0,46,0,0,0,0,6,255,255,254,40,131,30,2,1,16,2,2,121,1,3,206,1,4,2,2,5,29,2,6,133,2,7,11,2,8,180,1,9,182,1,10,14,2,11,167,2,12,31,2,144
0,0,2,254,0,0,0,0,51,0,0,46,0,0,0,0,6,255,255,254,40,131,30,2,1,16,2,2,124,1,3,204,1,4,2,2,5,45,2,6,139,2,7,12,2,8,177,1,9,182,1,10,13,2,11,171,2,12,28,2,123
0,0,2,254,0,0,0,0,51,0,0,46,0,0,0,0,6,255,255,254,40,131,30,2,1,16,2,2,128,1,3,202,1,4,2,2,5,74,2,6,129,2,7,13,2,8,174,1,9,183,1,10,13,2,11,175,2,12,25,2,102
0,0,2,254,0,0,0,0,51,0,0,46,0,0,0,0,6,255,255,254,40,131,30,2,1,16,2,2,132,1,3,200,1,4,2,2,5,110,2,6,108,2,7,13,2,8,170,1,9,184,1,10,12,2,11,179,2,12,22,2,88
0,0,2,254,0,0,0,0,51,0,0,46,0,0,0,0,6,255,255,254,40,131,30,2,1,16,2,2,136,1,3,199,1,4,2,2,5,150,2,6,75,2,7,14,2,8,167,1,9,185,1,10,11,2,11,183,2,12,19,2,79
0,0,2,254,0,0,0,0,51,0,0,46,0,0,0,0,6,255,255,254,40,131,30,2,1,16,2,2,139,1,3,197,1,4,2,2,5,210,2,6,253,1,7,14,2,8,164,1,9,186,1,10,11,2,11,187,2,12,16,2,98
0,0,2,254,0,0,0,0,51,0,0,46,0,0,0,0,6,255,255,254,40,131,30,2,1,16,2,2,143,1,3,195,1,4,0,2,5,210,2,6,252,1,7,15,2,8,160,1,9,188,1,10,10,2,11,191,2,12,13,2,100
0,0,2,254,0,0,0,0,51,0,0,46,0,0,0,0,6,255,255,254,40,131,30,2,1,16,2,2,146,1,3,193,1,4,5,2,5,205,2,6,2,2,7,15,2,8,157,1,9,189,1,10,8,2,11,196,2,12,10,2,94
0,0,2,254,0,0,0,0,51,0,0,46,0,0,0,0,6,255,255,254,40,131,30,2,1,16,2,2,150,1,3,192,1,4,7,2,5,200,2,6,6,2,7,15,2,8,154,1,9,190,1,10,7,2,11,200,2,12,6,2,93
0,0,2,254,0,0,0,0,51,0,0,46,0,0,0,0,6,255,255,254,40,131,30,2,1,15,2,2,154,1,3,190,1,4,8,2,5,196,2,6,10,2,7,16,2,8,150,1,9,192,1,10,5,2,11,205,2,12,2,2,93
0,0,2,254,0,0,0,0,51,0,0,46,0,0,0,0,6,255,255,254,40,131,30,2,1,15,2,2,157,1,3,189,1,4,10,2,5,191,2,6,13,2,7,16,2,8,146,1,9,193,1,10,0,2,11,210,2,12,252,1,101
0,0,2,254,0,0,0,0,51,0,0,46,0,0,0,0,6,255,255,254,40,131,30,2,1,15,2,2,160,1,3,188,1,4,11,2,5,187,2,6,16,2,7,16,2,8,143,1,9,195,1,10,2,2,11,210,2,12,253,1,97
0,0,2,254,0,0,0,0,51,0,0,46,0,0,0,0,6,255,255,254,40,131,30,2,1,14,2,2,164,1,3,186,1,4,11,2,5,183,2,6,19,2,7,16,2,8,139,1,9,197,1,10,2,2,11,150,2,12,75,2,80
0,0,2,254,0,0,0,0,51,0,0,46,0,0,0,0,6,255,255,254,40,131,30,2,1,14,2,2,167,1,3,185,1,4,12,2,5,179,2,6,22,2,7,16,2,8,136,1,9,199,1,10,2,2,11,110,2,12,108,2,86
0,0,2,254,0,0,0,0,51,0,0,46,0,0,0,0,6,255,255,254,40,131,30,2,1,13,2,2,170,1,3,184,1,4,13,2,5,175,2,6,25,2,7,16,2,8,132,1,9,200,1,10,2,2,11,74,2,12,129,2,103
0,0,2,254,0,0,0,0,51,0,0,46,0,0,0,0,6,255,255,254,40,131,30,2,1,13,2,2,174,1,3,183,1,4,13,2,5,171,2,6,28,2,7,16,2,8,128,1,9,202,1,10,2,2,11,45,2,12,139,2,122
0,0,2,254,0,0,0,0,51,0,0,46,0,0,0,0,6,255,255,254,40,131,30,2,1,12,2,2,177,1,3,182,1,4,14,2,5,167,2,6,31,2,7,16,2,8,124,1,9,204,1,10,2,2,11,29,2,12,133,2,145
0,0,2,254,0,0,0,0,51,0,0,46,0,0,0,0,6,255,255,254,40,131,30,2,1,11,2,2,180,1,3,182,1,4,14,2,5,163,2,6,33,2,7,16,2,8,121,1,9,206,1,10,2,2,11,62,2,12,74,2,172
0,0,2,254,0,0,0,0,51,0,0,46,0,0,0,0,6,255,255,254,40,131,30,2,1,11,2,2,183,1,3,181,1,4,15,2,5,159,2,6,36,2,7,16,2,8,117,1,9,208,1,10,0,2,11,63,2,12,73,2,174
0,0,2,254,0,0,0,0,51,0,0,46,0,0,0,0,6,255,255,254,40,131,30,2,1,10,2,2,186,1,3,180,1,4,15,2,5,155,2,6,38,2,7,16,2,8,113,1,9,211,1,10,5,2,11,63,2,12,75,2,169
0,0,2,254,0,0,0,0,51,0,0,46,0,0,0,0,6,255,255,254,40,131,30,2,1,8,2,2,188,1,3,180,1,4,15,2,5,151,2,6,41,2,7,16,2,8,109,1,9,213,1,10,7,2,11,65,2,12,76,2,167
0,0,2,254,0,0,0,0,51,0,0,46,0,0,0,0,6,255,255,254,40,131,30,2,1,7,2,2,191,1,3,180,1,4,16,2,5,147,2,6,43,2,7,15,2,8,105,1,9,215,1,10,8,2,11,68,2,12,76,2,165
0,0,2,254,0,0,0,0,51,0,0,46,0,0,0,0,6,255,255,254,40,131,30,2,1,5,2,2,193,1,3,181,1,4,16,2,5,143,2,6,45,2,7,15,2,8,101,1,9,218,1,10,10,2,11,70,2,12,75,2,164
0,0,2,254,0,0,0,0,51,0,0,46,0,0,0,0,6,255,255,254,40,131,30,2,1,0,2,2,193,1,3,183,1,4,16,2,5,139,2,6,47,2,7,15,2,8,97,1,9,220,1,10,11,2,11,73,2,12,75,2,167
