0,0,2,254,0,0,0,0,51,0,0,46,0,0,0,0,6,255,255,254,40,131,30,2,1,233,1,2,111,1,3,230,1,4,222,1,5,153,2,6,14,2,7,48,2,8,141,1,9,188,1,10,6,2,11,130,2,12,48,2,226
0,0,2,254,0,0,0,0,51,0,0,46,0,0,0,0,6,255,255,254,40,131,30,2,1,231,1,2,109,1,3,232,1,4,224,1,5,151,2,6,17,2,7,39,2,8,184,1,9,127,1,10,4,2,11,131,2,12,47,2,254
0,0,2,254,0,0,0,0,51,0,0,46,0,0,0,0,6,255,255,254,40,131,30,2,1,229,1,2,108,1,3,234,1,4,226,1,5,150,2,6,19,2,7,21,2,8,190,1,9,119,1,10,1,2,11,132,2,12,45,2,20
0,0,2,254,0,0,0,0,51,0,0,46,0,0,0,0,6,255,255,254,40,131,30,2,1,226,1,2,106,1,3,237,1,4,229,1,5,148,2,6,21,2,7,0,2,8,184,1,9,127,1,10,255,1,11,133,2,12,44,2,41
0,0,2,254,0,0,0,0,51,0,0,46,0,0,0,0,6,255,255,254,40,131,30,2,1,224,1,2,105,1,3,239,1,4,231,1,5,147,2,6,24,2,7,235,1,8,169,1,9,147,1,10,252,1,11,135,2,12,42,2,58
0,0,2,254,0,0,0,0,51,0,0,46,0,0,0,0,6,255,255,254,40,131,30,2,1,222,1,2,103,1,3,242,1,4,233,1,5,145,2,6,26,2,7,217,1,8,147,1,9,179,1,10,250,1,11,136,2,12,40,2,68
0,0,2,254,0,0,0,0,51,0,0,46,0,0,0,0,6,255,255,254,40,131,30,2,1,219,1,2,102,1,3,244,1,4,236,1,5,144,2,6,28,2,7,208,1,8,95,1,9,0,2,10,248,1,11,137,2,12,38,2,52
0,0,2,254,0,0,0,0,51,0,0,46,0,0,0,0,6,255,255,254,40,131,30,2,1,217,1,2,100,1,3,247,1,4,238,1,5,142,2,6,30,2,7,208,1,8,93,1,9,2,2,10,245,1,11,138,2,12,36,2,55
0,0,2,254,0,0,0,0,51,0,0,46,0,0,0,0,6,255,255,254,40,131,30,2,1,215,1,2,98,1,3,249,1,4,241,1,5,141,2,6,32,2,7,210,1,8,95,1,9,255,1,10,243,1,11,140,2,12,34,2,55
0,0,2,254,0,0,0,0,51,0,0,46,0,0,0,0,6,255,255,254,40,131,30,2,1,213,1,2,96,1,3,252,1,4,243,1,5,140,2,6,34,2,7,213,1,8,96,1,9,252,1,10,241,1,11,141,2,12,32,2,55
0,0,2,254,0,0,0,0,51,0,0,46,0,0,0,0,6,255,255,254,40,131,30,2,1,210,1,2,95,1,3,255,1,4,245,1,5,138,2,6,36,2,7,215,1,8,98,1,9,249,1,10,238,1,11,142,2,12,30,2,57
0,0,2,254,0,0,0,0,51,0,0,46,0,0,0,0,6,255,255,254,40,131,30,2,1,208,1,2,93,1,3,2,2,4,248,1,5,137,2,6,38,2,7,217,1,8,100,1,9,247,1,10,236,1,11,144,2,12,28,2,53
0,0,2,254,0,0,0,0,51,0,0,46,0,0,0,0,6,255,255,254,40,131,30,2,1,208,1,2,91,1,3,3,2,4,250,1,5,136,2,6,40,2,7,219,1,8,102,1,9,244,1,10,233,1,11,145,2,12,26,2,54
0,0,2,254,0,0,0,0,51,0,0,46,0,0,0,0,6,255,255,254,40,131,30,2,1,217,1,2,141,1,3,182,1,4,252,1,5,135,2,6,42,2,7,222,1,8,103,1,9,242,1,10,231,1,11,147,2,12,24,2,70
0,0,2,254,0,0,0,0,51,0,0,46,0,0,0,0,6,255,255,254,40,131,30,2,1,235,1,2,163,1,3,150,1,4,255,1,5,133,2,6,44,2,7,224,1,8,105,1,9,239,1,10,229,1,11,148,2,12,21,2,62
0,0,2,254,0,0,0,0,51,0,0,46,0,0,0,0,6,255,255,254,40,131,30,2,1,0,2,2,177,1,3,130,1,4,1,2,5,132,2,6,45,2,7,226,1,8,106,1,9,237,1,10,226,1,11,150,2,12,19,2,45
0,0,2,254,0,0,0,0,51,0,0,46,0,0,0,0,6,255,255,254,40,131,30,2,1,21,2,2,183,1,3,123,1,4,4,2,5,131,2,6,47,2,7,229,1,8,108,1,9,234,1,10,224,1,11,151,2,12,17,2,22
0,0,2,254,0,0,0,0,51,0,0,46,0,0,0,0,6,255,255,254,40,131,30,2,1,39,2,2,177,1,3,131,1,4,6,2,5,130,2,6,48,2,7,231,1,8,109,1,9,232,1,10,222,1,11,153,2,12,14,2,2
0,0,2,254,0,0,0,0,51,0,0,46,0,0,0,0,6,255,255,254,40,131,30,2,1,48,2,2,135,1,3,191,1,4,8,2,5,129,2,6,50,2,7,233,1,8,111,1,9,230,1,10,219,1,11,154,2,12,12,2,230
0,0,2,254,0,0,0,0,51,0,0,46,0,0,0,0,6,255,255,254,40,131,30,2,1,48,2,2,138,1,3,189,1,4,11,2,5,128,2,6,51,2,7,236,1,8,112,1,9,228,1,10,217,1,11,156,2,12,9,2,227
0,0,2,254,0,0,0,0,51,0,0,46,0,0,0,0,6,255,255,254,40,131,30,2,1,46,2,2,138,1,3,190,1,4,13,2,5,127,2,6,53,2,7,238,1,8,114,1,9,226,1,10,215,1,11,158,2,12,7,2,225
0,0,2,254,0,0,0,0,51,0,0,46,0,0,0,0,6,255,255,254,40,131,30,2,1,43,2,2,137,1,3,190,1,4,15,2,5,126,2,6,54,2,7,241,1,8,115,1,9,224,1,10,213,1,11,160,2,12,4,2,228
0,0,2,254,0,0,0,0,51,0,0,46,0,0,0,0,6,255,255,254,40,131,30,2,1,41,2,2,137,1,3,191,1,4,18,2,5,125,2,6,55,2,7,243,1,8,116,1,9,222,1,10,210,1,11,161,2,12,1,2,230
0,0,2,254,0,0,0,0,51,0,0,46,0,0,0,0,6,255,255,254,40,131,30,2,1,39,2,2,136,1,3,192,1,4,20,2,5,125,2,6,57,2,7,245,1,8,118,1,9,220,1,10,208,1,11,163,2,12,254,1,230
0,0,2,254,0,0,0,0,51,0,0,46,0,0,0,0,6,255,255,254,40,131,30,2,1,37,2,2,136,1,3,192,1,4,23,2,5,124,2,6,58,2,7,248,1,8,119,1,9,218,1,10,208,1,11,161,2,12,0,2,226
0,0,2,254,0,0,0,0,51,0,0,46,0,0,0,0,6,255,255,254,40,131,30,2,1,34,2,2,135,1,3,193,1,4,25,2,5,123,2,6,59,2,7,250,1,8,120,1,9,216,1,10,217,1,11,109,2,12,77,2,192
0,0,2,254,0,0,0,0,51,0,0,46,0,0,0,0,6,255,255,254,40,131,30,2,1,32,2,2,135,1,3,194,1,4,27,2,5,122,2,6,60,2,7,252,1,8,121,1,9,214,1,10,235,1,11,87,2,12,109,2,162
0,0,2,254,0,0,0,0,51,0,0,46,0,0,0,0,6,255,255,254,40,131,30,2,1,30,2,2,134,1,3,195,1,4,30,2,5,122,2,6,61,2,7,255,1,8,123,1,9,212,1,10,0,2,11,72,2,12,129,2,130
0,0,2,254,0,0,0,0,51,0,0,46,0,0,0,0,6,255,255,254,40,131,30,2,1,27,2,2,134,1,3,196,1,4,32,2,5,121,2,6,62,2,7,1,2,8,124,1,9,211,1,10,21,2,11,66,2,12,137,2,104
0,0,2,254,0,0,0,0,51,0,0,46,0,0,0,0,6,255,255,254,40,131,30,2,1,25,2,2,133,1,3,197,1,4,34,2,5,121,2,6,63,2,7,4,2,8,125,1,9,209,1,10,39,2,11,72,2,12,128,2,86
0,0,2,254,0,0,0,0,51,0,0,46,0,0,0,0,6,255,255,254,40,131,30,2,1,23,2,2,132,1,3,198,1,4,37,2,5,120,2,6,64,2,7,6,2,8,126,1,9,207,1,10,48,2,11,115,2,12,68,2,92
0,0,2,254,0,0,0,0,51,0,0,46,0,0,0,0,6,255,255,254,40,131,30,2,1,20,2,2,131,1,3,199,1,4,39,2,5,120,2,6,64,2,7,8,2,8,127,1,9,206,1,10,48,2,11,118,2,12,67,2,89
0,0,2,254,0,0,0,0,51,0,0,46,0,0,0,0,6,255,255,254,40,131,30,2,1,18,2,2,131,1,3,200,1,4,41,2,5,119,2,6,65,2,7,11,2,8,128,1,9,204,1,10,46,2,11,118,2,12,66,2,89
0,0,2,254,0,0,0,0,51,0,0,46,0,0,0,0,6,255,255,254,40,131,30,2,1,15,2,2,130,1,3,202,1,4,43,2,5,119,2,6,66,2,7,13,2,8,129,1,9,203,1,10,43,2,11,119,2,12,66,2,88
0,0,2,254,0,0,0,0,51,0,0,46,0,0,0,0,6,255,255,254,40,131,30,2,1,13,2,2,129,1,3,203,1,4,46,2,5,118,2,6,66,2,7,15,2,8,130,1,9,202,1,10,41,2,11,119,2,12,65,2,89
0,0,2,254,0,0,0,0,51,0,0,46,0,0,0,0,6,255,255,254,40,131,30,2,1,11,2,2,128,1,3,204,1,4,48,2,5,118,2,6,67,2,7,18,2,8,131,1,9,200,1,10,39,2,11,120,2,12,64,2,88
0,0,2,254,0,0,0,0,51,0,0,46,0,0,0,0,6,255,255,254,40,131,30,2,1,8,2,2,127,1,3,206,1,4,48,2,5,121,2,6,65,2,7,20,2,8,131,1,9,199,1,10,37,2,11,120,2,12,64,2,90
0,0,2,254,0,0,0,0,51,0,0,46,0,0,0,0,6,255,255,254,40,131,30,2,1,6,2,2,126,1,3,207,1,4,39,2,5,79,2,6,125,2,7,23,2,8,132,1,9,198,1,10,34,2,11,121,2,12,63,2,83
0,0,2,254,0,0,0,0,51,0,0,46,0,0,0,0,6,255,255,254,40,131,30,2,1,4,2,2,125,1,3,209,1,4,21,2,5,73,2,6,133,2,7,25,2,8,133,1,9,197,1,10,32,2,11,121,2,12,62,2,101
0,0,2,254,0,0,0,0,51,0,0,46,0,0,0,0,6,255,255,254,40,131,30,2,1,1,2,2,124,1,3,211,1,4,0,2,5,79,2,6,126,2,7,27,2,8,134,1,9,196,1,10,30,2,11,122,2,12,61,2,125
0,0,2,254,0,0,0,0,51,0,0,46,0,0,0,0,6,255,255,254,40,131,30,2,1,255,1,2,123,1,3,212,1,4,235,1,5,93,2,6,106,2,7,30,2,8,134,1,9,195,1,10,27,2,11,122,2,12,60,2,158
0,0,2,254,0,0,0,0,51,0,0,46,0,0,0,0,6,255,255,254,40,131,30,2,1,252,1,2,121,1,3,214,1,4,217,1,5,115,2,6,74,2,7,32,2,8,135,1,9,194,1,10,25,2,11,123,2,12,59,2,189
0,0,2,254,0,0,0,0,51,0,0,46,0,0,0,0,6,255,255,254,40,131,30,2,1,250,1,2,120,1,3,216,1,4,208,1,5,165,2,6,253,1,7,34,2,8,135,1,9,193,1,10,23,2,11,124,2,12,58,2,228
0,0,2,254,0,0,0,0,51,0,0,46,0,0,0,0,6,255,255,254,40,131,30,2,1,248,1,2,119,1,3,218,1,4,208,1,5,163,2,6,254,1,7,37,2,8,136,1,9,192,1,10,20,2,11,125,2,12,57,2,230
0,0,2,254,0,0,0,0,51,0,0,46,0,0,0,0,6,255,255,254,40,131,30,2,1,245,1,2,118,1,3,220,1,4,210,1,5,161,2,6,1,2,7,39,2,8,136,1,9,192,1,10,18,2,11,125,2,12,55,2,230
0,0,2,254,0,0,0,0,51,0,0,46,0,0,0,0,6,255,255,254,40,131,30,2,1,243,1,2,116,1,3,222,1,4,213,1,5,160,2,6,4,2,7,41,2,8,137,1,9,191,1,10,15,2,11,126,2,12,54,2,228
0,0,2,254,0,0,0,0,51,0,0,46,0,0,0,0,6,255,255,254,40,131,30,2,1,241,1,2,115,1,3,224,1,4,215,1,5,158,2,6,7,2,7,43,2,8,137,1,9,190,1,10,13,2,11,127,2,12,53,2,227
0,0,2,254,0,0,0,0,51,0,0,46,0,0,0,0,6,255,255,254,40,131,30,2,1,238,1,2,114,1,3,226,1,4,217,1,5,156,2,6,9,2,7,46,2,8,138,1,9,190,1,10,11,2,11,128,2,12,51,2,226
0,0,2,254,0,0,0,0,51,0,0,46,0,0,0,0,6,255,255,254,40,131,30,2,1,236,1,2,112,1,3,228,1,4,219,1,5,154,2,6,12,2,7,48,2,8,138,1,9,189,1,10,8,2,11,129,2,12,50,2,227
